1.000000e-03 4.611692e+02 8.740287e+01 5.485721e+02
2.000000e-03 4.527639e+02 3.897512e+01 4.917390e+02
3.000000e-03 4.512663e+02 2.100923e+01 4.722755e+02
4.000000e-03 4.506465e+02 1.220721e+01 4.628537e+02
5.000000e-03 4.503536e+02 7.544440e+00 4.578980e+02
6.000000e-03 4.502063e+02 4.905261e+00 4.551116e+02
7.000000e-03 4.501262e+02 3.323945e+00 4.534501e+02
8.000000e-03 4.500765e+02 2.357519e+00 4.524340e+02
9.000000e-03 4.500366e+02 1.813838e+00 4.518504e+02
1.000000e-02 4.499888e+02 1.697702e+00 4.516865e+02
1.100000e-02 4.499134e+02 2.196158e+00 4.521096e+02
1.200000e-02 4.498193e+02 3.612303e+00 4.534316e+02
1.300000e-02 4.498410e+02 5.549134e+00 4.553901e+02
1.400000e-02 4.500698e+02 6.066601e+00 4.561364e+02
1.500000e-02 4.501490e+02 4.772560e+00 4.549216e+02
1.600000e-02 4.500902e+02 3.702342e+00 4.537926e+02
1.700000e-02 4.501525e+02 2.519457e+00 4.526719e+02
1.800000e-02 4.501335e+02 9.879626e-01 4.511214e+02
1.900000e-02 4.500581e+02 8.740426e-02 4.501455e+02
2.000000e-02 4.500231e+02 -2.683833e-01 4.497547e+02
2.100000e-02 4.500102e+02 -4.248796e-01 4.495853e+02
2.200000e-02 4.500021e+02 -4.847569e-01 4.495173e+02
2.300000e-02 4.499951e+02 -4.682093e-01 4.495269e+02
2.400000e-02 4.499871e+02 -3.752099e-01 4.496119e+02
2.500000e-02 4.499774e+02 -1.939065e-01 4.497835e+02
2.600000e-02 4.499633e+02 1.018177e-01 4.500651e+02
2.700000e-02 4.498310e+02 9.268952e-01 4.507579e+02
2.800000e-02 4.474023e+02 1.077552e+01 4.581778e+02
2.900000e-02 4.532821e+02 7.297359e+01 5.262557e+02
3.000000e-02 4.520909e+02 6.418345e+00 4.585093e+02
3.100000e-02 4.499745e+02 1.811271e+00 4.517858e+02
3.200000e-02 4.495859e+02 4.220451e+00 4.538064e+02
3.300000e-02 4.497031e+02 8.994830e+00 4.586979e+02
3.400000e-02 4.505790e+02 6.701779e+00 4.572808e+02
3.500000e-02 4.503005e+02 2.066104e+00 4.523666e+02
3.600000e-02 4.500637e+02 5.928086e-01 4.506565e+02
3.700000e-02 4.500048e+02 3.545690e-01 4.503594e+02
3.800000e-02 4.499933e+02 3.891159e-01 4.503824e+02
3.900000e-02 4.499933e+02 4.646506e-01 4.504580e+02
4.000000e-02 4.499972e+02 5.167336e-01 4.505139e+02
4.100000e-02 4.500006e+02 5.295007e-01 4.505301e+02
4.200000e-02 4.499985e+02 5.397550e-01 4.505383e+02
4.300000e-02 4.499862e+02 6.149609e-01 4.506011e+02
4.400000e-02 4.499593e+02 8.896136e-01 4.508489e+02
4.500000e-02 4.499113e+02 1.540958e+00 4.514522e+02
4.600000e-02 4.498296e+02 2.853427e+00 4.526830e+02
4.700000e-02 4.497598e+02 5.059986e+00 4.548198e+02
4.800000e-02 4.499469e+02 6.862115e+00 4.568090e+02
4.900000e-02 4.502772e+02 5.560143e+00 4.558373e+02
5.000000e-02 4.502686e+02 2.643934e+00 4.529125e+02
5.100000e-02 4.501346e+02 7.304393e-01 4.508650e+02
5.200000e-02 4.500549e+02 -1.265563e-01 4.499283e+02
5.300000e-02 4.500222e+02 -4.685726e-01 4.495536e+02
5.400000e-02 4.500102e+02 -6.122645e-01 4.493979e+02
5.500000e-02 4.500055e+02 -6.832272e-01 4.493223e+02
5.600000e-02 4.500031e+02 -7.231376e-01 4.492800e+02
5.700000e-02 4.500014e+02 -7.425026e-01 4.492589e+02
5.800000e-02 4.499997e+02 -7.471870e-01 4.492525e+02
5.900000e-02 4.499973e+02 -7.292071e-01 4.492681e+02
6.000000e-02 4.499956e+02 -6.896752e-01 4.493059e+02
6.100000e-02 4.499975e+02 -6.519887e-01 4.493455e+02
6.200000e-02 4.499994e+02 -6.423923e-01 4.493570e+02
6.300000e-02 4.499935e+02 -6.145643e-01 4.493790e+02
6.400000e-02 4.499758e+02 -4.664390e-01 4.495094e+02
6.500000e-02 4.499346e+02 -3.026426e-02 4.499044e+02
6.600000e-02 4.498368e+02 1.101325e+00 4.509381e+02
6.700000e-02 4.496601e+02 3.685077e+00 4.533452e+02
6.800000e-02 4.496559e+02 7.624878e+00 4.572807e+02
6.900000e-02 4.501682e+02 8.720918e+00 4.588891e+02
7.000000e-02 4.503039e+02 5.856152e+00 4.561600e+02
7.100000e-02 4.497432e+02 5.218064e+00 4.549613e+02
7.200000e-02 4.463433e+02 2.265333e+01 4.689967e+02
7.300000e-02 4.552233e+02 3.375242e+01 4.889758e+02
7.400000e-02 4.509705e+02 4.359543e+00 4.553300e+02
7.500000e-02 4.501125e+02 1.069761e+00 4.511823e+02
7.600000e-02 4.500394e+02 4.655659e-01 4.505050e+02
7.700000e-02 4.500233e+02 1.747970e-01 4.501981e+02
7.800000e-02 4.500139e+02 -2.216962e-03 4.500117e+02
7.900000e-02 4.500011e+02 -7.759808e-02 4.499235e+02
8.000000e-02 4.499486e+02 1.300875e-01 4.500787e+02
8.100000e-02 4.496608e+02 1.853283e+00 4.515141e+02
8.200000e-02 4.488788e+02 9.599074e+00 4.584779e+02
8.300000e-02 4.504319e+02 1.566788e+01 4.660998e+02
8.400000e-02 4.501562e+02 1.001130e+01 4.601675e+02
8.500000e-02 4.490306e+02 1.576542e+01 4.647960e+02
8.600000e-02 4.494953e+02 2.500524e+01 4.745005e+02
8.700000e-02 4.507892e+02 2.323509e+01 4.740243e+02
8.800000e-02 4.509184e+02 1.423238e+01 4.651508e+02
8.900000e-02 4.504464e+02 7.559468e+00 4.580059e+02
9.000000e-02 4.500175e+02 5.709526e+00 4.557270e+02
9.100000e-02 4.498638e+02 6.650544e+00 4.565143e+02
9.200000e-02 4.499728e+02 7.694015e+00 4.576669e+02
9.300000e-02 4.501677e+02 6.930987e+00 4.570986e+02
9.400000e-02 4.502123e+02 4.935042e+00 4.551474e+02
9.500000e-02 4.501666e+02 3.063556e+00 4.532302e+02
9.600000e-02 4.501172e+02 1.683497e+00 4.518007e+02
9.700000e-02 4.500750e+02 7.580354e-01 4.508330e+02
9.800000e-02 4.500429e+02 1.959825e-01 4.502389e+02
9.900000e-02 4.500228e+02 -1.135613e-01 4.499092e+02
1.000000e-01 4.500115e+02 -2.684601e-01 4.497430e+02
