1.000000e-03 3.074461e+02 -6.042201e+00 -1.965288e-01
2.000000e-03 3.018426e+02 1.317528e+01 4.364952e-01
3.000000e-03 3.008442e+02 2.050951e+01 6.817319e-01
4.000000e-03 3.004310e+02 2.416373e+01 8.043021e-01
5.000000e-03 3.002357e+02 2.613817e+01 8.705885e-01
6.000000e-03 3.001375e+02 2.728114e+01 9.089547e-01
7.000000e-03 3.000841e+02 2.798274e+01 9.324965e-01
8.000000e-03 3.000510e+02 2.842399e+01 9.473053e-01
9.000000e-03 3.000244e+02 2.868006e+01 9.559241e-01
1.000000e-02 2.999925e+02 2.875121e+01 9.583976e-01
1.100000e-02 2.999423e+02 2.856005e+01 9.521850e-01
1.200000e-02 2.998795e+02 2.799012e+01 9.333787e-01
1.300000e-02 2.998940e+02 2.721213e+01 9.073916e-01
1.400000e-02 3.000465e+02 2.702391e+01 9.006573e-01
1.500000e-02 3.000994e+02 2.756038e+01 9.183752e-01
1.600000e-02 3.000601e+02 2.800318e+01 9.332524e-01
1.700000e-02 3.001016e+02 2.850783e+01 9.499391e-01
1.800000e-02 3.000890e+02 2.915654e+01 9.715964e-01
1.900000e-02 3.000387e+02 2.954558e+01 9.847255e-01
2.000000e-02 3.000154e+02 2.971269e+01 9.903721e-01
2.100000e-02 3.000068e+02 2.979310e+01 9.930809e-01
2.200000e-02 3.000014e+02 2.982913e+01 9.942998e-01
2.300000e-02 2.999967e+02 2.982962e+01 9.943316e-01
2.400000e-02 2.999914e+02 2.979440e+01 9.931751e-01
2.500000e-02 2.999849e+02 2.971704e+01 9.906177e-01
2.600000e-02 2.999755e+02 2.958817e+01 9.863528e-01
2.700000e-02 2.998873e+02 2.922383e+01 9.744938e-01
2.800000e-02 2.982682e+02 2.502541e+01 8.390235e-01
2.900000e-02 3.021881e+02 3.275907e-01 1.084062e-02
3.000000e-02 3.013939e+02 2.710766e+01 8.994097e-01
3.100000e-02 2.999830e+02 2.886615e+01 9.622596e-01
3.200000e-02 2.997240e+02 2.785466e+01 9.293439e-01
3.300000e-02 2.998021e+02 2.591903e+01 8.645381e-01
3.400000e-02 3.003860e+02 2.691413e+01 8.959850e-01
3.500000e-02 3.002003e+02 2.879894e+01 9.593241e-01
3.600000e-02 3.000425e+02 2.940191e+01 9.799250e-01
3.700000e-02 3.000032e+02 2.950697e+01 9.835551e-01
3.800000e-02 2.999955e+02 2.949776e+01 9.832734e-01
3.900000e-02 2.999956e+02 2.946912e+01 9.823186e-01
4.000000e-02 2.999981e+02 2.944875e+01 9.816312e-01
4.100000e-02 3.000004e+02 2.944282e+01 9.814262e-01
4.200000e-02 2.999990e+02 2.943788e+01 9.812657e-01
4.300000e-02 2.999908e+02 2.940042e+01 9.800440e-01
4.400000e-02 2.999729e+02 2.927796e+01 9.760204e-01
4.500000e-02 2.999408e+02 2.899797e+01 9.667897e-01
4.600000e-02 2.998864e+02 2.844558e+01 9.485452e-01
4.700000e-02 2.998399e+02 2.753598e+01 9.183561e-01
4.800000e-02 2.999646e+02 2.681788e+01 8.940348e-01
4.900000e-02 3.001848e+02 2.737831e+01 9.120485e-01
5.000000e-02 3.001791e+02 2.857937e+01 9.520772e-01
5.100000e-02 3.000897e+02 2.936962e+01 9.786946e-01
5.200000e-02 3.000366e+02 2.972939e+01 9.908589e-01
5.300000e-02 3.000148e+02 2.988015e+01 9.959560e-01
5.400000e-02 3.000068e+02 2.994848e+01 9.982601e-01
5.500000e-02 3.000037e+02 2.998450e+01 9.994711e-01
5.600000e-02 3.000021e+02 3.000488e+01 1.000156e+00
5.700000e-02 3.000009e+02 3.001474e+01 1.000488e+00
5.800000e-02 2.999998e+02 3.001552e+01 1.000518e+00
5.900000e-02 2.999982e+02 3.000582e+01 1.000200e+00
6.000000e-02 2.999971e+02 2.998609e+01 9.995461e-01
6.100000e-02 2.999983e+02 2.996788e+01 9.989350e-01
6.200000e-02 2.999996e+02 2.996152e+01 9.987185e-01
6.300000e-02 2.999957e+02 2.994650e+01 9.982310e-01
6.400000e-02 2.999839e+02 2.987860e+01 9.960068e-01
6.500000e-02 2.999564e+02 2.968614e+01 9.896817e-01
6.600000e-02 2.998912e+02 2.920325e+01 9.737949e-01
6.700000e-02 2.997734e+02 2.811877e+01 9.380010e-01
6.800000e-02 2.997706e+02 2.650040e+01 8.840227e-01
6.900000e-02 3.001121e+02 2.607283e+01 8.687697e-01
7.000000e-02 3.002026e+02 2.722936e+01 9.070328e-01
7.100000e-02 2.998288e+02 2.742796e+01 9.147873e-01
7.200000e-02 2.975622e+02 2.011475e+01 6.759848e-01
7.300000e-02 3.034822e+02 1.623153e+01 5.348430e-01
7.400000e-02 3.006470e+02 2.786985e+01 9.269958e-01
7.500000e-02 3.000750e+02 2.918677e+01 9.726490e-01
7.600000e-02 3.000263e+02 2.944294e+01 9.813454e-01
7.700000e-02 3.000155e+02 2.956635e+01 9.854940e-01
7.800000e-02 3.000093e+02 2.963799e+01 9.879024e-01
7.900000e-02 3.000007e+02 2.966144e+01 9.887122e-01
8.000000e-02 2.999658e+02 2.955545e+01 9.852941e-01
8.100000e-02 2.997739e+02 2.880079e+01 9.607505e-01
8.200000e-02 2.992525e+02 2.555953e+01 8.541124e-01
8.300000e-02 3.002879e+02 2.316742e+01 7.715068e-01
8.400000e-02 3.001041e+02 2.540560e+01 8.465597e-01
8.500000e-02 2.993537e+02 2.297227e+01 7.673956e-01
8.600000e-02 2.996635e+02 1.923001e+01 6.417200e-01
8.700000e-02 3.005261e+02 2.002457e+01 6.663171e-01
8.800000e-02 3.006123e+02 2.370188e+01 7.884535e-01
8.900000e-02 3.002976e+02 2.640650e+01 8.793442e-01
9.000000e-02 3.000116e+02 2.715110e+01 9.050014e-01
9.100000e-02 2.999092e+02 2.676914e+01 8.925748e-01
9.200000e-02 2.999819e+02 2.635992e+01 8.787170e-01
9.300000e-02 3.001118e+02 2.669315e+01 8.894402e-01
9.400000e-02 3.001416e+02 2.752514e+01 9.170719e-01
9.500000e-02 3.001111e+02 2.830746e+01 9.432329e-01
9.600000e-02 3.000781e+02 2.889302e+01 9.628499e-01
9.700000e-02 3.000500e+02 2.929488e+01 9.763332e-01
9.800000e-02 3.000286e+02 2.954374e+01 9.846975e-01
9.900000e-02 3.000152e+02 2.968474e+01 9.894411e-01
1.000000e-01 3.000076e+02 2.975990e+01 9.919714e-01
